1338 4 6734 10126 12762 14234 
1362 4 1862 6078 9910 10530 
1450 1 3438 
1618 2 4810 6278 
1862 1 1362 
2126 2 10530 13802 
2182 1 10598 
2898 3 4718 6078 7074 
3118 1 9646 
3190 4 3914 7354 10598 12442 
3438 4 1450 4314 4414 12966 
3650 1 7278 
3834 5 4118 4914 5498 11746 13898 
3914 1 3190 
4078 2 8174 12762 
4118 1 3834 
4314 1 3438 
4414 2 3438 12966 
4718 2 2898 8174 
4810 2 1618 6278 
4914 3 3834 5498 13898 
5498 2 3834 4914 
6022 1 7278 
6078 2 1362 2898 
6278 4 1618 4810 7966 12430 
6558 1 10294 
6734 2 1338 12174 
6806 1 13802 
6878 2 12950 14234 
7074 4 2898 9646 10530 14234 
7278 4 3650 6022 9242 12602 
7354 1 3190 
7966 1 6278 
8014 2 10294 11538 
8174 4 4078 4718 10926 14234 
9198 1 11538 
9242 1 7278 
9646 4 3118 7074 12174 13802 
9910 1 1362 
10126 1 1338 
10294 4 6558 8014 10914 11538 
10530 4 1362 2126 7074 12950 
10598 4 2182 3190 11222 11394 
10914 1 10294 
10926 1 8174 
11222 1 10598 
11394 1 10598 
11538 4 8014 9198 10294 13874 
11746 1 3834 
12174 2 6734 9646 
12430 1 6278 
12442 1 3190 
12602 1 7278 
12762 2 1338 4078 
12950 2 6878 10530 
12966 2 3438 4414 
13802 4 2126 6806 9646 14194 
13874 1 11538 
13898 2 3834 4914 
14194 1 13802 
14234 4 1338 6878 7074 8174 
